5
120
-1,3632766680250556 2,210061750344996 -2,1071638446164536 -1,226292955065078 -4,375658508496327 0,027431948363307868 -1,0427058166218544 3,5796338513267125 -4,328927676416996 -1,684634939036997 30,791265955093667
-1,1789279498187093 2,1626613162053516 -2,183536748872917 -1,3258764617051437 -4,3423404326772035 0,08064642566929786 -0,983401630109267 3,469748500365189 -4,379191958449983 -1,556792425881875 16,531990284775485
2,9598197096315744 0,39208825196561947 -2,1301608135290255 -1,3191163634069492 -4,332893220553972 0,10714687514913628 -1,0804759051447217 3,549238906251917 -4,295180731754985 -1,634565761677204 27,01936005608193
-1,2002448120346347 2,3186348352458785 0,18072357508030823 0,03433126987799717 -3,941251821534064 0,5099260388626172 -2,6597787457554545 3,654375054780881 0,3266701660848357 -3,3249519528521043 27,921142902052427
2,921805595881704 0,48352998254016116 -3,631388795796675 4,318509417245709 0,322493870799168 -4,279391317700739 -3,069695278212672 -0,8413012100050337 0,9886739095790055 -0,44818448171432423 29,900095939207375
-1,277063629948824 2,138155146351647 -2,215110104406085 -1,385512437718724 -4,2685827019855775 0,13101154619870864 -1,119701863012105 3,6428773579858675 -4,259244687471687 -1,6801703870248348 21,431749700080534
-1,1075392640054154 2,1114124488202237 -2,006905564278123 -1,1944462089804688 -4,4305122953526155 -0,019505379753217908 -0,9409505969003098 3,5838745300958497 -4,28677311982128 -1,7171031767118845 10,23368398691113
2,8740951155644887 0,5081167561532139 -1,9809946701542553 -1,1362040820191317 -4,35690264395547 -0,08407364869296947 -1,0099886158371791 3,679827626180988 -4,2577517683785695 -1,6407693955779665 31,474852872762344
-1,2144351365088544 2,260865516209436 -3,6425095119585698 4,345666077333336 0,270738064953375 -4,277386391748197 -2,9838754464120605 -0,8074213554570692 0,9574200308345701 -0,47455373486709423 25,052480629282396
4,6150993574251915 -1,4288824532678357 -3,6575926675984918 4,302513822575049 0,3585390060586501 -4,2447664219532895 -3,0796544808761293 -0,7375896666387389 0,8907492122543296 -0,43827784825236776 59,855978471585225
-1,3632766680250556 2,210061750344996 -2,1071638446164536 -1,226292955065078 -4,375658508496327 0,027431948363307868 -1,0427058166218544 3,5796338513267125 -4,328927676416996 -1,684634939036997 58,635850157004995
-1,1789279498187093 2,1626613162053516 -2,183536748872917 -1,3258764617051437 -4,3423404326772035 0,08064642566929786 -0,983401630109267 3,469748500365189 -4,379191958449983 -1,556792425881875 24,67202998079027
2,9598197096315744 0,39208825196561947 -2,1301608135290255 -1,3191163634069492 -4,332893220553972 0,10714687514913628 -1,0804759051447217 3,549238906251917 -4,295180731754985 -1,634565761677204 59,091211922574274
-1,2002448120346347 2,3186348352458785 0,18072357508030823 0,03433126987799717 -3,941251821534064 0,5099260388626172 -2,6597787457554545 3,654375054780881 0,3266701660848357 -3,3249519528521043 58,13810244126107
2,921805595881704 0,48352998254016116 -3,631388795796675 4,318509417245709 0,322493870799168 -4,279391317700739 -3,069695278212672 -0,8413012100050337 0,9886739095790055 -0,44818448171432423 30,46033968514643
-1,277063629948824 2,138155146351647 -2,215110104406085 -1,385512437718724 -4,2685827019855775 0,13101154619870864 -1,119701863012105 3,6428773579858675 -4,259244687471687 -1,6801703870248348 36,43861648613722
-1,1075392640054154 2,1114124488202237 -2,006905564278123 -1,1944462089804688 -4,4305122953526155 -0,019505379753217908 -0,9409505969003098 3,5838745300958497 -4,28677311982128 -1,7171031767118845 12,260306416902907
2,8740951155644887 0,5081167561532139 -1,9809946701542553 -1,1362040820191317 -4,35690264395547 -0,08407364869296947 -1,0099886158371791 3,679827626180988 -4,2577517683785695 -1,6407693955779665 38,52955324018023
-1,2144351365088544 2,260865516209436 -3,6425095119585698 4,345666077333336 0,270738064953375 -4,277386391748197 -2,9838754464120605 -0,8074213554570692 0,9574200308345701 -0,47455373486709423 24,655929176154366
4,6150993574251915 -1,4288824532678357 -3,6575926675984918 4,302513822575049 0,3585390060586501 -4,2447664219532895 -3,0796544808761293 -0,7375896666387389 0,8907492122543296 -0,43827784825236776 31,974755604853645
